dimension: 2
number of AABBs: 8
---------------------------------------
-8.8618266e-01 1.0378806e+00 3.0377398e+00 4.9364855e+00 
3.8555670e-01 2.7427821e+00 4.0805066e-01 2.4514718e+00 
2.8189416e+00 5.3347522e+00 -1.0827134e+00 1.4411507e+00 
6.0854707e-01 2.5700520e+00 -2.8875411e+00 -4.9160992e-01 
-1.3087165e+00 1.0221419e+00 -5.0082887e+00 -2.3837763e+00 
-3.1438489e+00 -1.2310781e+00 -2.9889766e+00 -9.6585359e-01 
-3.9929714e+00 -1.9760121e+00 -1.4790842e+00 1.3998527e+00 
-3.5358834e+00 -1.8258156e+00 1.6938233e+00 3.4826459e+00 
