dimension: 2
number of ellipsoids: 8
---------------------------------------
0.0000000e+00 3.7468588e+00 
1.4299318e+00 1.4299318e+00 
3.9370813e+00 2.4107670e-16 
1.7528323e+00 -1.7528323e+00 
4.5782062e-16 -3.7383891e+00 
-1.9481032e+00 -1.9481032e+00 
-3.0617114e+00 -5.6242726e-16 
-2.5688642e+00 2.5688642e+00 
1.2553892e+00 -2.9890348e-01 
-2.9890348e-01 1.4309160e+00 
1.4145716e+00 2.0903257e-01 
2.0903257e-01 1.3702804e+00 
1.5385630e+00 -1.5738566e-01 
-1.5738566e-01 2.0219799e+00 
2.2442373e+00 1.9143188e-01 
1.9143188e-01 1.0915647e+00 
1.7371425e+00 -8.9508478e-02 
-8.9508478e-02 1.3523215e+00 
1.0726510e+00 -6.5997853e-01 
-6.5997853e-01 1.1659852e+00 
1.2360807e+00 -2.1592775e-01 
-2.1592775e-01 1.3596055e+00 
4.2761786e-01 2.6624337e-02 
2.6624337e-02 1.6736232e+00 
