dimension: 2
number of polytopes: 8
---------------------------------------
6 5.0000000e-01
6 5.0000000e-01
6 5.0000000e-01
6 5.0000000e-01
6 5.0000000e-01
6 5.0000000e-01
6 5.0000000e-01
6 5.0000000e-01
-7.837604e-01 3.519157e+00 
1.084587e+00 3.073732e+00 
-7.879973e-01 2.955422e+00 
1.385189e+00 3.666417e+00 
1.748346e-01 2.630463e+00 
6.370074e-01 4.571521e+00 
2.084449e+00 2.410796e+00 
4.300565e-01 1.275563e+00 
1.377121e-02 1.309912e+00 
2.197183e+00 1.089666e+00 
7.782992e-01 8.905188e-01 
1.850125e+00 5.440688e-01 
3.522049e+00 -7.403682e-01 
3.698944e+00 -1.096550e+00 
3.619614e+00 1.328798e+00 
4.043772e+00 -1.209866e+00 
3.371833e+00 -8.595821e-01 
4.247338e+00 1.165081e+00 
2.641150e+00 -2.193989e+00 
8.957132e-01 -1.916596e+00 
6.971113e-01 -9.936937e-01 
7.142463e-01 -1.423722e+00 
6.479495e-01 -1.371728e+00 
8.051929e-01 -9.790554e-01 
-1.411628e-01 -2.453232e+00 
6.126182e-01 -3.002881e+00 
-3.584675e-01 -4.580030e+00 
-1.856056e-01 -2.805772e+00 
-5.705011e-01 -3.050636e+00 
1.240481e+00 -3.608694e+00 
-3.188060e+00 -2.128001e+00 
-1.818343e+00 -7.715150e-01 
-9.231060e-01 -1.948714e+00 
-9.506859e-01 -1.546159e+00 
-1.048309e+00 -1.299534e+00 
-8.990385e-01 -2.132832e+00 
-3.352048e+00 -1.019217e+00 
-2.124824e+00 -1.039045e+00 
-2.971504e+00 -1.162313e+00 
-2.002525e+00 9.525413e-01 
-3.705628e+00 8.206164e-01 
-3.073707e+00 8.746208e-01 
-2.204621e+00 3.750439e+00 
-3.437350e+00 2.588526e+00 
-1.592444e+00 1.794981e+00 
-3.180869e+00 3.816795e+00 
-3.543522e+00 2.474346e+00 
-3.612240e+00 1.777319e+00 
